0 -- (40.7561565, -73.98814989741683) -- (42.7120825, -73.7081905)
1 -- (40.7264447, -73.9858433972362) -- (40.7509149, -73.98933148593517)
2 -- (40.7419301, -73.9932565) -- (42.7120825, -73.7081905)
3 -- (40.6724739, -73.977109) -- (40.6832103, -73.4176082)
4 -- (40.7509149, -73.98933148593517) -- (40.7608498, -73.967355)
5 -- (40.6857229, -73.98020534539683) -- (40.7561557, -73.9776613)
6 -- (40.7269831, -73.9361473) -- (40.7532071, -73.9745925)
7 -- (40.71495335, -73.99728716513762) -- (40.7509149, -73.98933148593517)
8 -- (40.7778959, -73.9825105) -- (40.6832103, -73.4176082)
9 -- (40.7547289, -73.9883157) -- (40.7778959, -73.9825105)
10 -- (40.7561557, -73.9776613) -- (40.7608498, -73.967355)
11 -- (40.7778959, -73.9825105) -- (40.73694, -73.9791955)
12 -- (40.6724739, -73.977109) -- (42.722269, -73.70196005)
13 -- (40.7264447, -73.9858433972362) -- (40.7855076, -73.97915102020036)
14 -- (40.73694, -73.9791955) -- (40.7608498, -73.967355)
15 -- (40.8159675, -73.958828) -- (40.7310359, -73.9822614)
16 -- (40.7576352, -73.9818383) -- (40.6832103, -73.4176082)
17 -- (40.7269831, -73.9361473) -- (40.7269831, -73.9361473)
18 -- (40.7419301, -73.9932565) -- (40.6832103, -73.4176082)
19 -- (40.7855076, -73.97915102020036) -- (40.7576352, -73.9818383)
20 -- (40.7509149, -73.98933148593517) -- (40.6857229, -73.98020534539683)
21 -- (40.7419301, -73.9932565) -- (40.7269831, -73.9361473)
22 -- (40.7547289, -73.9883157) -- (40.7561565, -73.98814989741683)
23 -- (40.7419301, -73.9932565) -- (40.7778959, -73.9825105)
24 -- (40.6832103, -73.4176082) -- (40.6832103, -73.4176082)
25 -- (40.7310359, -73.9822614) -- (40.6857229, -73.98020534539683)
26 -- (40.737052750000004, -73.99074095) -- (40.7778959, -73.9825105)
27 -- (40.7581196, -73.9889244) -- (40.7547289, -73.9883157)
28 -- (40.6832103, -73.4176082) -- (40.7561557, -73.9776613)
29 -- (40.7264447, -73.9858433972362) -- (40.7378693, -73.9967494)
30 -- (40.7778959, -73.9825105) -- (40.7264447, -73.9858433972362)
31 -- (40.73694, -73.9791955) -- (40.7608498, -73.967355)
32 -- (40.7269831, -73.9361473) -- (40.6832103, -73.4176082)
33 -- (42.7343681, -73.7102972) -- (40.737052750000004, -73.99074095)
34 -- (40.7855076, -73.97915102020036) -- (40.6832103, -73.4176082)
35 -- (42.722269, -73.70196005) -- (40.7547289, -73.9883157)
36 -- (40.7595293, -73.9653575) -- (40.7778959, -73.9825105)
37 -- (40.7269831, -73.9361473) -- (40.737052750000004, -73.99074095)
38 -- (40.7378693, -73.9967494) -- (40.6832103, -73.4176082)
39 -- (40.7595293, -73.9653575) -- (40.7595293, -73.9653575)
